<?xml version='1.0' encoding='UTF-8'?>
<opencv_storage>
    <FAI11-SS1-X-distance>0 0.00962354 0.198811</FAI11-SS1-X-distance>
    <FAI14-SE1-Y-distance>0 0.0096631 0.170609</FAI14-SE1-Y-distance>
    <FAI20-RC-X1-distance>0.08</FAI20-RC-X1-distance>
    <FAI20-RC-X2-distance>0 0.00936296 0.392299</FAI20-RC-X2-distance>
    <FAI20-RC-X3-distance>0 0.00920062 0.370249</FAI20-RC-X3-distance>
    <FAI20-RC-X4-distance>0 0.00922919 0.533617</FAI20-RC-X4-distance>
    <FAI22-SS1-X-distance>0 0.00970397 0.202173</FAI22-SS1-X-distance>
    <FAI22-SS1-Y-distance>0 0.0108862 0.296846</FAI22-SS1-Y-distance>
    <FAI22-SS1-position>0 0.01 0.0995938</FAI22-SS1-position>
    <FAI22-SS2-X-distance>0 0.00977827 0.201012</FAI22-SS2-X-distance>
    <FAI22-SS2-Y-distance>0 0 -15.36</FAI22-SS2-Y-distance>
    <FAI22-SS2-position>0 0.006 -19.0753</FAI22-SS2-position>
    <FAI22-SS3-X-distance>0 0.00979413 0.202073</FAI22-SS3-X-distance>
    <FAI22-SS3-Y-distance>0 0.00975055 0.302184</FAI22-SS3-Y-distance>
    <FAI22-SS3-position>0 0.01 0.144995</FAI22-SS3-position>
    <FAI22-SS4-X-distance>0 0.009 -0.451267</FAI22-SS4-X-distance>
    <FAI22-SS4-Y-distance>0 0.009 -1.52096</FAI22-SS4-Y-distance>
    <FAI22-SS4-position>0 0.007 0.12</FAI22-SS4-position>
    <FAI22-SS5-X-distance>0 0.00983456 -20.3797</FAI22-SS5-X-distance>
    <FAI22-SS5-Y-distance>0 0.00970155 24.659</FAI22-SS5-Y-distance>
    <FAI22-SS5-position>0 0.01 -3.80472</FAI22-SS5-position>
    <FAI22-SS6-X-distance>0 0.015 0.687882</FAI22-SS6-X-distance>
    <FAI22-SS6-Y-distance>0 0.00968975 0.13408</FAI22-SS6-Y-distance>
    <FAI22-SS6-position>0 0.009 0.0634358</FAI22-SS6-position>
    <FAI3-SE3-Y-distance>0 0.00971741 0.15489</FAI3-SE3-Y-distance>
    <FAI36-SE7-Y1-distance>0 0.0116603 0.13047</FAI36-SE7-Y1-distance>
    <FAI36-SE7-Y2-distance>0 0.015 -2.85355</FAI36-SE7-Y2-distance>
    <FAI36-SE7-Y3-distance>0 0.00772242 0.130592</FAI36-SE7-Y3-distance>
    <FAI37-SE7-Y1-distance>0 0.01 1.00247</FAI37-SE7-Y1-distance>
    <FAI37-SE7-Y2-distance>0 0.0098844 0.0855029</FAI37-SE7-Y2-distance>
    <FAI37-SE7-Y3-distance>0 0.008 0.386172</FAI37-SE7-Y3-distance>
    <FAI37-SE7-Y4-distance>0 0.00713875 0.0996488</FAI37-SE7-Y4-distance>
    <FAI38-SE7-Y1-distance>0 0.00300344 0.150291</FAI38-SE7-Y1-distance>
    <FAI38-SE7-Y2-distance>0 0.0117326 0.129013</FAI38-SE7-Y2-distance>
    <FAI38-SE7-Y3-distance>0 0.0028379 0.20042</FAI38-SE7-Y3-distance>
    <FAI38-SE7-Y4-distance>0 0.0110945 0.198353</FAI38-SE7-Y4-distance>
    <FAI44-SE1-Y1-distance>0 0.00679815 0.181661</FAI44-SE1-Y1-distance>
    <FAI44-SE1-Y2-distance>0 0.00678724 0.2004</FAI44-SE1-Y2-distance>
    <FAI47-SE2-X-distance>0 0.00949 0.219985</FAI47-SE2-X-distance>
    <FAI48-SE2-X-distance>0 0.00947809 0.163766</FAI48-SE2-X-distance>
    <FAI49-SE5-Y-distance>0 0.008 8.05618</FAI49-SE5-Y-distance>
    <FAI5-SE3-Y-distance>0 0.009 0.695954</FAI5-SE3-Y-distance>
    <FAI66-SE3-Y1-distance>0 0.000255555 0.164786</FAI66-SE3-Y1-distance>
    <FAI66-SE3-Y2-distance>0 0.000254586 0.17975</FAI66-SE3-Y2-distance>
    <FAI68-RC-Y1-distance>0 0.00940947 0.167572</FAI68-RC-Y1-distance>
    <FAI68-RC-Y2-distance>0 0.00940241 0.19397</FAI68-RC-Y2-distance>
    <FAI68-RC-Y3-distance>0 0.00939537 0.277384</FAI68-RC-Y3-distance>
    <FAI68-RC-Y4-distance>0 0.00938833 0.19409</FAI68-RC-Y4-distance>
    <FAI69-RC-X-distance>0 0.01 0.18377</FAI69-RC-X-distance>
    <FAI69-RC-X-position>0 0.008 0.047</FAI69-RC-X-position>
    <FAI7-SE2-X-distance>0 0 28.917</FAI7-SE2-X-distance>
    <FAI70-RC-Y-distance>0 0.01 0.723601</FAI70-RC-Y-distance>
    <FAI70-RC-Y-position>0 0.006 0.0785118</FAI70-RC-Y-position>
    <FAI72-SE4-X-distance>0 0.00931419 0.170189</FAI72-SE4-X-distance>
    <FAI73-D-diam>0 0.00946617 0.212895</FAI73-D-diam>
    <FAI74-D-X-distance>0 0.00971489 0.870366</FAI74-D-X-distance>
    <FAI74-D-Y-distance>0 0.00979063 0.90477</FAI74-D-Y-distance>
    <FAI74-D-position>0 0.006 0.144999</FAI74-D-position>
    <FAI75-L-diam>0 0.00947924 0.899516</FAI75-L-diam>
    <FAI76-L-X-distance>0 0.00980741 0.880584</FAI76-L-X-distance>
    <FAI76-L-Y-distance>0 0.00997318 0.155626</FAI76-L-Y-distance>
    <FAI76-L-position>0 0.009 0.889996</FAI76-L-position>
    <FAI8-SE2-X-distance>0 0.00959795 0.195858</FAI8-SE2-X-distance>
    <FAI9-SE2-X-distance>0 0.00961489 0.178315</FAI9-SE2-X-distance>
    <FAI91-SS1-diam>0 0.09 -3.3791</FAI91-SS1-diam>
    <FAI91-SS2-diam>0 0.09 -3.19809</FAI91-SS2-diam>
    <FAI91-SS3-diam>0 0.09 -3.40542</FAI91-SS3-diam>
    <FAI91-SS4-diam>0 0.09 -3.23519</FAI91-SS4-diam>
    <FAI91-SS5-diam>0 0.09 -3.45819</FAI91-SS5-diam>
    <FAI91-SS6-diam>0 0.09 -3.25629</FAI91-SS6-diam>
</opencv_storage>
